500,4.14285714286,0.010999917984,0.105000019073,0.115999937057
1000,4.55714285714,0.0120000839233,0.095999956131,0.108000040054
1500,6.88571428571,0.00799989700317,0.107000112534,0.115000009537
2000,7.58571428571,0.00800013542175,0.0949997901917,0.102999925613
2500,7.72857142857,0.00499987602234,0.108999967575,0.113999843597
3000,7.58571428571,0.00499987602234,0.095999956131,0.100999832153
3500,7.9,0.0110001564026,0.0999999046326,0.111000061035
4000,6.31428571429,0.0120000839233,0.0969998836517,0.108999967575
4500,7.51428571429,0.00899982452393,0.101999998093,0.110999822617
5000,8.11428571429,0.00699996948242,0.0989999771118,0.105999946594
5500,8.51428571429,0.0160000324249,0.0889999866486,0.105000019073
6000,7.07142857143,0.0160000324249,0.103000164032,0.119000196457
6500,6.94285714286,0.010999917984,0.100000143051,0.111000061035
7000,6.95714285714,0.00699996948242,0.0920000076294,0.0989999771118
7500,6.98571428571,0.00300002098083,0.0420000553131,0.0450000762939
8000,8.08571428571,0.00300002098083,0.0429999828339,0.0460000038147
8500,8.5,0.00300002098083,0.039999961853,0.0429999828339
9000,9.17142857143,0.00399994850159,0.0430002212524,0.047000169754
9500,9.22857142857,0.007000207901,0.0449998378754,0.0520000457764
10000,9.07142857143,0.00300002098083,0.0450000762939,0.0480000972748
10500,11.4142857143,0.00300002098083,0.0389997959137,0.0419998168945
11000,12.0142857143,0.00300002098083,0.039999961853,0.0429999828339
11500,17.5571428571,0.00300002098083,0.0440001487732,0.047000169754
12000,27.5142857143,0.00399994850159,0.0429999828339,0.0469999313354
12500,36.4857142857,0.00300002098083,0.0429999828339,0.0460000038147
13000,42.5714285714,0.00300002098083,0.0409998893738,0.0439999103546
13500,46.3714285714,0.00300002098083,0.039999961853,0.0429999828339
14000,45.9428571429,0.00300002098083,0.0410001277924,0.0440001487732
14500,45.5714285714,0.00300002098083,0.0409998893738,0.0439999103546
15000,48.4857142857,0.00300002098083,0.0499999523163,0.0529999732971
15500,50.6571428571,0.00300002098083,0.0450000762939,0.0480000972748
16000,52.3285714286,0.00499987602234,0.0390000343323,0.0439999103546
16500,52.8142857143,0.00300002098083,0.0409998893738,0.0439999103546
17000,52.2285714286,0.00300002098083,0.0449998378754,0.0479998588562
17500,54.0,0.00399994850159,0.0429999828339,0.0469999313354
18000,58.4571428571,0.00399994850159,0.0439999103546,0.0479998588562
18500,63.0714285714,0.00300002098083,0.0460000038147,0.0490000247955
19000,63.3571428571,0.00400018692017,0.0429999828339,0.047000169754
19500,64.8571428571,0.00300002098083,0.0420000553131,0.0450000762939
20000,65.4142857143,0.00299978256226,0.0450000762939,0.0479998588562
20500,64.5714285714,0.00300002098083,0.0429999828339,0.0460000038147
21000,66.4142857143,0.00300002098083,0.0429999828339,0.0460000038147
21500,69.0285714286,0.00300002098083,0.0449998378754,0.0479998588562
22000,70.9285714286,0.00300002098083,0.039999961853,0.0429999828339
22500,72.5714285714,0.00300002098083,0.039999961853,0.0429999828339
23000,69.7857142857,0.00299978256226,0.0390000343323,0.0419998168945
23500,72.0,0.00300002098083,0.0379998683929,0.0409998893738
24000,71.3857142857,0.00300002098083,0.0440001487732,0.047000169754
24500,71.9428571429,0.00399994850159,0.0410001277924,0.0450000762939
25000,73.6571428571,0.00300002098083,0.039999961853,0.0429999828339
25500,72.9428571429,0.00300002098083,0.0420000553131,0.0450000762939
26000,73.6285714286,0.00399994850159,0.0469999313354,0.050999879837
26500,72.4142857143,0.0,0.0309998989105,0.0309998989105
27000,73.2714285714,0.0160000324249,0.0379998683929,0.0539999008179
27500,75.4285714286,0.0,0.0469999313354,0.0469999313354
28000,73.2142857143,0.0,0.0429999828339,0.0429999828339
28500,72.5428571429,0.0160000324249,0.0409998893738,0.0569999217987
29000,74.2714285714,0.0,0.0469999313354,0.0469999313354
29500,74.9142857143,0.0150001049042,0.0309998989105,0.0460000038147
30000,75.7142857143,0.0,0.0460000038147,0.0460000038147
30500,74.3285714286,0.0,0.0310001373291,0.0310001373291
31000,74.6428571429,0.0,0.0469999313354,0.0469999313354
31500,75.3714285714,0.0,0.0310001373291,0.0310001373291
32000,76.7428571429,0.00399994850159,0.0420000553131,0.0460000038147
32500,74.5285714286,0.0,0.0469999313354,0.0469999313354
33000,77.2714285714,0.0160000324249,0.0309998989105,0.0469999313354
33500,76.0571428571,0.0,0.0480000972748,0.0480000972748
34000,78.6857142857,0.0,0.047000169754,0.047000169754
34500,77.3571428571,0.0,0.047000169754,0.047000169754
35000,79.3428571429,0.0,0.0320000648499,0.0320000648499
35500,77.8285714286,0.00300002098083,0.0429999828339,0.0460000038147
36000,78.1285714286,0.0,0.0320000648499,0.0320000648499
36500,77.9142857143,0.00300002098083,0.0410001277924,0.0440001487732
37000,78.1714285714,0.0160000324249,0.0309998989105,0.0469999313354
37500,79.2714285714,0.0,0.0309998989105,0.0309998989105
38000,79.5571428571,0.00399994850159,0.0379998683929,0.0419998168945
38500,79.1857142857,0.00399994850159,0.0320000648499,0.0360000133514
39000,78.5142857143,0.0,0.0309998989105,0.0309998989105
39500,79.9428571429,0.00300002098083,0.0390000343323,0.0420000553131
40000,82.4428571429,0.0,0.0490000247955,0.0490000247955
40500,80.1428571429,0.0,0.0309998989105,0.0309998989105
41000,82.4857142857,0.0,0.0320000648499,0.0320000648499
41500,82.4571428571,0.0,0.047000169754,0.047000169754
42000,83.8857142857,0.0160000324249,0.0310001373291,0.047000169754
42500,82.6857142857,0.0,0.0469999313354,0.0469999313354
43000,82.5857142857,0.0,0.047000169754,0.047000169754
43500,84.4,0.0179998874664,0.0360000133514,0.0539999008179
44000,83.1428571429,0.0150001049042,0.0320000648499,0.047000169754
44500,82.4571428571,0.0,0.0469999313354,0.0469999313354
45000,83.4571428571,0.0,0.048999786377,0.048999786377
45500,84.1571428571,0.00999999046326,0.0469999313354,0.0569999217987
46000,82.8428571429,0.00400018692017,0.0369999408722,0.0410001277924
46500,83.8285714286,0.0,0.0460000038147,0.0460000038147
47000,82.6714285714,0.0,0.0310001373291,0.0310001373291
47500,84.4571428571,0.00399994850159,0.0420000553131,0.0460000038147
48000,82.9714285714,0.0,0.0469999313354,0.0469999313354
48500,84.5571428571,0.0,0.0460000038147,0.0460000038147
49000,85.1428571429,0.0,0.0339999198914,0.0339999198914
49500,84.1285714286,0.0,0.0309998989105,0.0309998989105
50000,82.8285714286,0.00399994850159,0.0420000553131,0.0460000038147
50500,85.3857142857,0.0160000324249,0.0309998989105,0.0469999313354
51000,85.9142857143,0.0,0.047000169754,0.047000169754
51500,85.3142857143,0.0,0.0460000038147,0.0460000038147
52000,85.1142857143,0.0,0.0469999313354,0.0469999313354
52500,84.6714285714,0.00399994850159,0.0379998683929,0.0419998168945
53000,85.1571428571,0.0,0.047000169754,0.047000169754
53500,85.3428571429,0.00399994850159,0.0490000247955,0.0529999732971
54000,86.0714285714,0.0,0.0310001373291,0.0310001373291
54500,84.7571428571,0.00499987602234,0.101000070572,0.105999946594
55000,85.2,0.0,0.0390000343323,0.0390000343323
55500,84.9857142857,0.00400018692017,0.0429999828339,0.047000169754
56000,85.8857142857,0.00699996948242,0.0439999103546,0.050999879837
56500,87.1714285714,0.00300002098083,0.0419998168945,0.0449998378754
57000,86.2857142857,0.00399994850159,0.0440001487732,0.0480000972748
57500,86.7571428571,0.00300002098083,0.0460000038147,0.0490000247955
58000,88.3142857143,0.00299978256226,0.0410001277924,0.0439999103546
58500,88.7571428571,0.00400018692017,0.0409998893738,0.0450000762939
59000,89.2571428571,0.00399994850159,0.0409998893738,0.0449998378754
59500,91.9571428571,0.00399994850159,0.0440001487732,0.0480000972748
60000,90.4714285714,0.0,0.0320000648499,0.0320000648499
60500,91.9142857143,0.0019998550415,0.0420000553131,0.0439999103546
61000,92.8142857143,0.00300002098083,0.0439999103546,0.0469999313354
61500,92.1428571429,0.00300002098083,0.0429999828339,0.0460000038147
62000,92.4571428571,0.00300002098083,0.0479998588562,0.050999879837
62500,93.5428571429,0.00300002098083,0.0439999103546,0.0469999313354
63000,92.9857142857,0.0,0.0469999313354,0.0469999313354
63500,93.2142857143,0.00300002098083,0.0429999828339,0.0460000038147
64000,92.2571428571,0.00399994850159,0.0400002002716,0.0440001487732
64500,93.4571428571,0.00299978256226,0.0500001907349,0.0529999732971
65000,93.8428571429,0.00399994850159,0.0529999732971,0.0569999217987
65500,93.0142857143,0.00400018692017,0.0469999313354,0.0510001182556
66000,93.2428571429,0.00399994850159,0.0460000038147,0.0499999523163
66500,93.7571428571,0.00399994850159,0.0450000762939,0.0490000247955
67000,93.3571428571,0.00300002098083,0.048999786377,0.0519998073578
67500,93.9857142857,0.00399994850159,0.0409998893738,0.0449998378754
68000,92.5142857143,0.00399994850159,0.0429999828339,0.0469999313354
68500,94.1714285714,0.00300002098083,0.0420000553131,0.0450000762939
69000,94.1,0.00299978256226,0.0430002212524,0.0460000038147
69500,93.0428571429,0.00400018692017,0.0490000247955,0.0530002117157
70000,94.1142857143,0.00399994850159,0.0429999828339,0.0469999313354
70500,94.2428571429,0.00399994850159,0.0450000762939,0.0490000247955
71000,94.0714285714,0.00300002098083,0.039999961853,0.0429999828339
71500,94.3428571429,0.00399994850159,0.0390000343323,0.0429999828339
72000,95.0142857143,0.00300002098083,0.0419998168945,0.0449998378754
72500,94.3428571429,0.00399994850159,0.0410001277924,0.0450000762939
73000,95.2571428571,0.00300002098083,0.0490000247955,0.0520000457764
73500,94.5571428571,0.00299978256226,0.0400002002716,0.0429999828339
74000,95.0857142857,0.00300002098083,0.0429999828339,0.0460000038147
74500,95.2857142857,0.00500011444092,0.0389997959137,0.0439999103546
75000,96.1714285714,0.00300002098083,0.0429999828339,0.0460000038147
75500,96.8714285714,0.00300002098083,0.0439999103546,0.0469999313354
76000,96.6571428571,0.00300002098083,0.0420000553131,0.0450000762939
76500,96.9428571429,0.00300002098083,0.0420000553131,0.0450000762939
77000,97.0285714286,0.00300002098083,0.0469999313354,0.0499999523163
77500,97.2142857143,0.00300002098083,0.0410001277924,0.0440001487732
78000,97.5571428571,0.00399994850159,0.0440001487732,0.0480000972748
78500,97.3857142857,0.00300002098083,0.0419998168945,0.0449998378754
79000,97.5857142857,0.00300002098083,0.0420000553131,0.0450000762939
79500,97.7857142857,0.00300002098083,0.0389997959137,0.0419998168945
80000,96.9285714286,0.00300002098083,0.0420000553131,0.0450000762939
80500,97.4285714286,0.00300002098083,0.0429999828339,0.0460000038147
81000,97.4857142857,0.00499987602234,0.0410001277924,0.0460000038147
81500,97.6285714286,0.00300002098083,0.0360000133514,0.0390000343323
82000,97.7571428571,0.00500011444092,0.0429999828339,0.0480000972748
82500,97.6714285714,0.00300002098083,0.047000169754,0.0500001907349
83000,98.0714285714,0.00400018692017,0.0390000343323,0.0430002212524
83500,98.3,0.00300002098083,0.0420000553131,0.0450000762939
84000,98.0285714286,0.00300002098083,0.0449998378754,0.0479998588562
84500,97.8285714286,0.00399994850159,0.039999961853,0.0439999103546
85000,97.8142857143,0.00399994850159,0.039999961853,0.0439999103546
85500,97.8571428571,0.00300002098083,0.0390000343323,0.0420000553131
86000,97.8285714286,0.00300002098083,0.0410001277924,0.0440001487732
86500,97.8142857143,0.00300002098083,0.0409998893738,0.0439999103546
87000,97.7142857143,0.00399994850159,0.0390000343323,0.0429999828339
87500,97.7285714286,0.00500011444092,0.039999961853,0.0450000762939
88000,98.2142857143,0.00400018692017,0.0460000038147,0.0500001907349
88500,97.1571428571,0.00300002098083,0.039999961853,0.0429999828339
89000,97.8285714286,0.00399994850159,0.0539999008179,0.0579998493195
89500,98.0428571429,0.00300002098083,0.0420000553131,0.0450000762939
90000,98.5285714286,0.00300002098083,0.0379998683929,0.0409998893738
90500,97.9428571429,0.00300002098083,0.0429999828339,0.0460000038147
91000,97.7142857143,0.00399994850159,0.0390000343323,0.0429999828339
91500,98.4428571429,0.00300002098083,0.039999961853,0.0429999828339
92000,97.3142857143,0.00399994850159,0.0380001068115,0.0420000553131
92500,98.1285714286,0.00300002098083,0.0420000553131,0.0450000762939
93000,98.3285714286,0.00300002098083,0.039999961853,0.0429999828339
93500,97.8285714286,0.00300002098083,0.0420000553131,0.0450000762939
94000,98.2,0.00300002098083,0.039999961853,0.0429999828339
94500,98.1428571429,0.00300002098083,0.0420000553131,0.0450000762939
95000,98.1,0.00299978256226,0.0390000343323,0.0419998168945
95500,98.1428571429,0.00300002098083,0.0390000343323,0.0420000553131
96000,97.8714285714,0.00500011444092,0.0439999103546,0.0490000247955
96500,98.2714285714,0.00399994850159,0.039999961853,0.0439999103546
97000,98.3571428571,0.00300002098083,0.0429999828339,0.0460000038147
97500,98.5285714286,0.00400018692017,0.0589997768402,0.0629999637604
98000,98.6142857143,0.00300002098083,0.0409998893738,0.0439999103546
98500,99.0571428571,0.00300002098083,0.0429999828339,0.0460000038147
99000,99.2285714286,0.00300002098083,0.0409998893738,0.0439999103546
99500,99.5428571429,0.00299978256226,0.0430002212524,0.0460000038147
100000,99.6142857143,0.00300002098083,0.0500001907349,0.0530002117157
100500,99.4714285714,0.00399994850159,0.0420000553131,0.0460000038147
101000,99.4857142857,0.00400018692017,0.0409998893738,0.0450000762939
101500,99.7142857143,0.00300002098083,0.0499999523163,0.0529999732971
102000,99.7,0.00300002098083,0.0450000762939,0.0480000972748
102500,99.4428571429,0.00399994850159,0.0499999523163,0.0539999008179
103000,99.7571428571,0.00300002098083,0.0410001277924,0.0440001487732
103500,99.8,0.00300002098083,0.0410001277924,0.0440001487732
104000,99.0571428571,0.00300002098083,0.0419998168945,0.0449998378754
104500,99.7142857143,0.00300002098083,0.0460000038147,0.0490000247955
105000,99.9,0.00300002098083,0.0469999313354,0.0499999523163
105500,99.8285714286,0.00299978256226,0.0410001277924,0.0439999103546
106000,99.8571428571,0.00399994850159,0.0439999103546,0.0479998588562
106500,99.8,0.00300002098083,0.0460000038147,0.0490000247955
107000,99.8142857143,0.00399994850159,0.0430002212524,0.047000169754
107500,99.9428571429,0.00300002098083,0.0420000553131,0.0450000762939
108000,99.9285714286,0.00399994850159,0.0410001277924,0.0450000762939
108500,99.8571428571,0.00300002098083,0.0380001068115,0.0410001277924
109000,99.9428571429,0.00399994850159,0.0380001068115,0.0420000553131
109500,99.9142857143,0.00399994850159,0.039999961853,0.0439999103546
110000,99.9142857143,0.00400018692017,0.039999961853,0.0440001487732
110500,99.8,0.00399994850159,0.0420000553131,0.0460000038147
111000,99.7857142857,0.00299978256226,0.0430002212524,0.0460000038147
111500,99.9142857143,0.00399994850159,0.0450000762939,0.0490000247955
112000,99.9571428571,0.00400018692017,0.0379998683929,0.0420000553131
112500,99.9428571429,0.00299978256226,0.0390000343323,0.0419998168945
113000,99.8857142857,0.00300002098083,0.0420000553131,0.0450000762939
113500,99.9857142857,0.00300002098083,0.0420000553131,0.0450000762939
114000,99.9285714286,0.00399994850159,0.0410001277924,0.0450000762939
114500,99.9285714286,0.00399994850159,0.0429999828339,0.0469999313354
115000,99.9428571429,0.00399994850159,0.0430002212524,0.047000169754
115500,99.9857142857,0.00300002098083,0.0420000553131,0.0450000762939
116000,99.9857142857,0.00400018692017,0.0419998168945,0.0460000038147
116500,99.9714285714,0.00400018692017,0.0379998683929,0.0420000553131
117000,99.7,0.00399994850159,0.0410001277924,0.0450000762939
117500,99.9714285714,0.00399994850159,0.039999961853,0.0439999103546
118000,99.9,0.00300002098083,0.0420000553131,0.0450000762939
118500,100.0,0.00300002098083,0.0410001277924,0.0440001487732
119000,99.9714285714,0.00300002098083,0.039999961853,0.0429999828339
119500,99.9142857143,0.00399994850159,0.0440001487732,0.0480000972748
120000,99.9714285714,0.00300002098083,0.0419998168945,0.0449998378754
120500,99.9714285714,0.00299978256226,0.0420000553131,0.0449998378754
121000,99.9714285714,0.00300002098083,0.0409998893738,0.0439999103546
121500,99.9428571429,0.00399994850159,0.039999961853,0.0439999103546
122000,100.0,0.00300002098083,0.0369999408722,0.039999961853
122500,100.0,0.00300002098083,0.0409998893738,0.0439999103546
123000,99.9285714286,0.00300002098083,0.0460000038147,0.0490000247955
123500,100.0,0.00299978256226,0.0400002002716,0.0429999828339
124000,100.0,0.00300002098083,0.0420000553131,0.0450000762939
124500,100.0,0.00300002098083,0.0390000343323,0.0420000553131
125000,100.0,0.00300002098083,0.0410001277924,0.0440001487732
125500,99.9714285714,0.00300002098083,0.0420000553131,0.0450000762939
126000,100.0,0.00300002098083,0.0490000247955,0.0520000457764
126500,99.9857142857,0.00299978256226,0.0410001277924,0.0439999103546
127000,99.9857142857,0.00300002098083,0.0420000553131,0.0450000762939
127500,99.6285714286,0.00300002098083,0.0409998893738,0.0439999103546
128000,99.8857142857,0.00299978256226,0.0420000553131,0.0449998378754
128500,100.0,0.00399994850159,0.0420000553131,0.0460000038147
129000,99.9857142857,0.00299978256226,0.0410001277924,0.0439999103546
129500,100.0,0.00399994850159,0.0429999828339,0.0469999313354
130000,99.8714285714,0.00300002098083,0.0420000553131,0.0450000762939
130500,99.9857142857,0.00300002098083,0.0450000762939,0.0480000972748
131000,99.9857142857,0.00300002098083,0.0449998378754,0.0479998588562
131500,100.0,0.00300002098083,0.0409998893738,0.0439999103546
132000,99.7714285714,0.00300002098083,0.0439999103546,0.0469999313354
132500,100.0,0.00300002098083,0.0379998683929,0.0409998893738
133000,99.9857142857,0.00300002098083,0.0480000972748,0.0510001182556
133500,99.9857142857,0.00399994850159,0.0439999103546,0.0479998588562
134000,99.9857142857,0.00299978256226,0.0420000553131,0.0449998378754
134500,99.9428571429,0.00299978256226,0.0420000553131,0.0449998378754
135000,99.9857142857,0.00300002098083,0.0420000553131,0.0450000762939
135500,100.0,0.00300002098083,0.0420000553131,0.0450000762939
136000,99.9714285714,0.00300002098083,0.0419998168945,0.0449998378754
136500,100.0,0.00300002098083,0.0429999828339,0.0460000038147
137000,98.6857142857,0.00300002098083,0.0369999408722,0.039999961853
137500,99.7428571429,0.00299978256226,0.0390000343323,0.0419998168945
138000,99.9,0.00300002098083,0.0429999828339,0.0460000038147
138500,99.9571428571,0.00300002098083,0.0410001277924,0.0440001487732
139000,99.9714285714,0.00300002098083,0.0420000553131,0.0450000762939
139500,99.9857142857,0.00400018692017,0.0419998168945,0.0460000038147
140000,99.9714285714,0.00399994850159,0.039999961853,0.0439999103546
140500,99.9714285714,0.00400018692017,0.0439999103546,0.0480000972748
141000,99.9714285714,0.00399994850159,0.0460000038147,0.0499999523163
141500,99.9857142857,0.00300002098083,0.0440001487732,0.047000169754
142000,99.9857142857,0.00399994850159,0.0439999103546,0.0479998588562
142500,100.0,0.00300002098083,0.0420000553131,0.0450000762939
143000,99.9,0.00399994850159,0.0469999313354,0.050999879837
143500,100.0,0.00299978256226,0.0440001487732,0.0469999313354
144000,99.9428571429,0.00300002098083,0.0439999103546,0.0469999313354
144500,99.9857142857,0.00300002098083,0.0449998378754,0.0479998588562
145000,99.9285714286,0.00400018692017,0.0419998168945,0.0460000038147
145500,99.9857142857,0.00399994850159,0.0420000553131,0.0460000038147
146000,100.0,0.00300002098083,0.0379998683929,0.0409998893738
146500,99.8428571429,0.00400018692017,0.039999961853,0.0440001487732
147000,98.9857142857,0.00399994850159,0.0379998683929,0.0419998168945
147500,99.7571428571,0.00300002098083,0.0420000553131,0.0450000762939
148000,99.9428571429,0.00399994850159,0.0400002002716,0.0440001487732
148500,99.9857142857,0.00300002098083,0.0460000038147,0.0490000247955
149000,99.9428571429,0.00300002098083,0.0420000553131,0.0450000762939
149500,99.9857142857,0.00399994850159,0.0430002212524,0.047000169754
150000,99.9142857143,0.00300002098083,0.0409998893738,0.0439999103546
150500,99.9142857143,0.00399994850159,0.0380001068115,0.0420000553131
151000,100.0,0.00300002098083,0.0460000038147,0.0490000247955
151500,100.0,0.00300002098083,0.0420000553131,0.0450000762939
152000,99.9857142857,0.00300002098083,0.0420000553131,0.0450000762939
152500,99.9714285714,0.00299978256226,0.0420000553131,0.0449998378754
153000,99.9857142857,0.00300002098083,0.0459997653961,0.048999786377
153500,100.0,0.00300002098083,0.0410001277924,0.0440001487732
154000,100.0,0.00399994850159,0.0410001277924,0.0450000762939
154500,100.0,0.00300002098083,0.039999961853,0.0429999828339
155000,99.9714285714,0.00300002098083,0.0490000247955,0.0520000457764
155500,100.0,0.00300002098083,0.0429999828339,0.0460000038147
156000,100.0,0.00400018692017,0.039999961853,0.0440001487732
156500,99.9857142857,0.00300002098083,0.0439999103546,0.0469999313354
157000,100.0,0.00400018692017,0.0429999828339,0.047000169754
157500,99.8285714286,0.00300002098083,0.0420000553131,0.0450000762939
158000,99.9857142857,0.00300002098083,0.0420000553131,0.0450000762939
158500,99.9857142857,0.00300002098083,0.0439999103546,0.0469999313354
159000,100.0,0.00300002098083,0.0389997959137,0.0419998168945
159500,99.9857142857,0.00399994850159,0.0409998893738,0.0449998378754
160000,99.9571428571,0.00399994850159,0.0410001277924,0.0450000762939
160500,100.0,0.00300002098083,0.0409998893738,0.0439999103546
161000,100.0,0.00500011444092,0.0409998893738,0.0460000038147
161500,99.9857142857,0.00300002098083,0.0409998893738,0.0439999103546
162000,99.9857142857,0.00300002098083,0.0409998893738,0.0439999103546
162500,99.9714285714,0.00300002098083,0.0409998893738,0.0439999103546
163000,100.0,0.00300002098083,0.0429999828339,0.0460000038147
163500,100.0,0.00399994850159,0.039999961853,0.0439999103546
164000,100.0,0.00300002098083,0.0370001792908,0.0400002002716
164500,99.9714285714,0.0019998550415,0.039999961853,0.0419998168945
165000,99.9571428571,0.00300002098083,0.0409998893738,0.0439999103546
165500,100.0,0.00300002098083,0.0440001487732,0.047000169754
166000,100.0,0.00400018692017,0.0409998893738,0.0450000762939
166500,100.0,0.00300002098083,0.0409998893738,0.0439999103546
167000,99.9857142857,0.00300002098083,0.0429999828339,0.0460000038147
167500,99.9857142857,0.00399994850159,0.0439999103546,0.0479998588562
168000,99.9857142857,0.00300002098083,0.0429999828339,0.0460000038147
168500,99.9428571429,0.00300002098083,0.0439999103546,0.0469999313354
169000,99.9714285714,0.00300002098083,0.0429999828339,0.0460000038147
169500,100.0,0.00399994850159,0.0450000762939,0.0490000247955
170000,100.0,0.00300002098083,0.0409998893738,0.0439999103546
170500,100.0,0.00299978256226,0.0490000247955,0.0519998073578
171000,100.0,0.00399994850159,0.0450000762939,0.0490000247955
171500,100.0,0.00500011444092,0.0439999103546,0.0490000247955
172000,100.0,0.00300002098083,0.0439999103546,0.0469999313354
172500,99.9857142857,0.00300002098083,0.0400002002716,0.0430002212524
173000,100.0,0.00300002098083,0.0429999828339,0.0460000038147
173500,100.0,0.00399994850159,0.0420000553131,0.0460000038147
174000,99.9857142857,0.00300002098083,0.0450000762939,0.0480000972748
174500,98.4285714286,0.00300002098083,0.0429999828339,0.0460000038147
175000,99.9285714286,0.00399994850159,0.0469999313354,0.050999879837
175500,100.0,0.00300002098083,0.0420000553131,0.0450000762939
176000,99.9857142857,0.00300002098083,0.0420000553131,0.0450000762939
176500,100.0,0.00300002098083,0.0420000553131,0.0450000762939
177000,100.0,0.00300002098083,0.039999961853,0.0429999828339
177500,100.0,0.00399994850159,0.0409998893738,0.0449998378754
178000,100.0,0.00300002098083,0.039999961853,0.0429999828339
178500,99.9571428571,0.00300002098083,0.0450000762939,0.0480000972748
179000,99.9857142857,0.00300002098083,0.0450000762939,0.0480000972748
179500,99.9857142857,0.00300002098083,0.0379998683929,0.0409998893738
180000,100.0,0.00300002098083,0.0410001277924,0.0440001487732
180500,100.0,0.00300002098083,0.0410001277924,0.0440001487732
181000,99.9857142857,0.00300002098083,0.0500001907349,0.0530002117157
181500,100.0,0.00399994850159,0.0420000553131,0.0460000038147
182000,100.0,0.00300002098083,0.0460000038147,0.0490000247955
182500,99.9714285714,0.00300002098083,0.0460000038147,0.0490000247955
183000,100.0,0.00300002098083,0.0420000553131,0.0450000762939
183500,99.9714285714,0.00300002098083,0.0410001277924,0.0440001487732
184000,99.9571428571,0.00400018692017,0.039999961853,0.0440001487732
184500,100.0,0.00400018692017,0.0409998893738,0.0450000762939
185000,100.0,0.00500011444092,0.0409998893738,0.0460000038147
185500,100.0,0.00399994850159,0.0409998893738,0.0449998378754
186000,100.0,0.00300002098083,0.0390000343323,0.0420000553131
186500,99.9857142857,0.00399994850159,0.0429999828339,0.0469999313354
187000,100.0,0.00300002098083,0.0409998893738,0.0439999103546
187500,99.9714285714,0.00399994850159,0.0440001487732,0.0480000972748
188000,100.0,0.00300002098083,0.0379998683929,0.0409998893738
188500,100.0,0.00300002098083,0.0410001277924,0.0440001487732
189000,100.0,0.00300002098083,0.0420000553131,0.0450000762939
189500,99.8857142857,0.00399994850159,0.0439999103546,0.0479998588562
190000,100.0,0.00300002098083,0.0409998893738,0.0439999103546
190500,99.9285714286,0.00300002098083,0.0469999313354,0.0499999523163
191000,99.9857142857,0.00299978256226,0.0360000133514,0.0389997959137
191500,100.0,0.00300002098083,0.0380001068115,0.0410001277924
192000,100.0,0.00300002098083,0.0379998683929,0.0409998893738
192500,100.0,0.00300002098083,0.0469999313354,0.0499999523163
193000,99.9857142857,0.00300002098083,0.039999961853,0.0429999828339
193500,100.0,0.00300002098083,0.0409998893738,0.0439999103546
194000,100.0,0.00300002098083,0.0429999828339,0.0460000038147
194500,100.0,0.00299978256226,0.0390000343323,0.0419998168945
195000,100.0,0.00300002098083,0.0390000343323,0.0420000553131
195500,100.0,0.00300002098083,0.0450000762939,0.0480000972748
196000,100.0,0.00300002098083,0.0460000038147,0.0490000247955
196500,99.9714285714,0.00300002098083,0.039999961853,0.0429999828339
197000,100.0,0.00399994850159,0.0390000343323,0.0429999828339
197500,100.0,0.00400018692017,0.039999961853,0.0440001487732
198000,100.0,0.00300002098083,0.0409998893738,0.0439999103546
198500,100.0,0.00399994850159,0.0460000038147,0.0499999523163
199000,99.9857142857,0.00299978256226,0.0410001277924,0.0439999103546
199500,100.0,0.00300002098083,0.0439999103546,0.0469999313354
200000,100.0,0.00300002098083,0.0409998893738,0.0439999103546
200500,100.0,0.00300002098083,0.0420000553131,0.0450000762939
201000,100.0,0.00400018692017,0.0439999103546,0.0480000972748
201500,100.0,0.00400018692017,0.039999961853,0.0440001487732
202000,100.0,0.00399994850159,0.0440001487732,0.0480000972748
202500,99.9857142857,0.00400018692017,0.0469999313354,0.0510001182556
203000,99.9857142857,0.00300002098083,0.0419998168945,0.0449998378754
203500,100.0,0.00300002098083,0.0420000553131,0.0450000762939
204000,100.0,0.00300002098083,0.0439999103546,0.0469999313354
204500,100.0,0.00300002098083,0.039999961853,0.0429999828339
205000,100.0,0.00300002098083,0.0380001068115,0.0410001277924
205500,100.0,0.00399994850159,0.0390000343323,0.0429999828339
206000,99.9714285714,0.00300002098083,0.0410001277924,0.0440001487732
206500,99.9857142857,0.00300002098083,0.0440001487732,0.047000169754
207000,99.9857142857,0.00300002098083,0.039999961853,0.0429999828339
207500,99.9857142857,0.00300002098083,0.039999961853,0.0429999828339
208000,99.9571428571,0.00300002098083,0.0390000343323,0.0420000553131
208500,100.0,0.00300002098083,0.0439999103546,0.0469999313354
209000,99.9857142857,0.00300002098083,0.0480000972748,0.0510001182556
209500,100.0,0.00399994850159,0.050999879837,0.0549998283386
210000,100.0,0.00299978256226,0.047000169754,0.0499999523163
210500,100.0,0.00300002098083,0.0460000038147,0.0490000247955
211000,100.0,0.00299978256226,0.0460000038147,0.048999786377
211500,100.0,0.00300002098083,0.0439999103546,0.0469999313354
212000,100.0,0.00300002098083,0.0410001277924,0.0440001487732
212500,99.9428571429,0.00399994850159,0.0380001068115,0.0420000553131
213000,99.9857142857,0.00300002098083,0.0450000762939,0.0480000972748
213500,100.0,0.00400018692017,0.0479998588562,0.0520000457764
214000,100.0,0.00300002098083,0.039999961853,0.0429999828339
214500,100.0,0.00400018692017,0.0409998893738,0.0450000762939
215000,100.0,0.00300002098083,0.039999961853,0.0429999828339
215500,100.0,0.00399994850159,0.0440001487732,0.0480000972748
216000,99.9857142857,0.00300002098083,0.0380001068115,0.0410001277924
216500,99.9,0.00300002098083,0.0389997959137,0.0419998168945
217000,100.0,0.00300002098083,0.0469999313354,0.0499999523163
217500,99.9857142857,0.00300002098083,0.0410001277924,0.0440001487732
218000,100.0,0.00300002098083,0.0439999103546,0.0469999313354
218500,100.0,0.00699996948242,0.050999879837,0.0579998493195
219000,100.0,0.00300002098083,0.0409998893738,0.0439999103546
219500,100.0,0.00300002098083,0.0429999828339,0.0460000038147
220000,100.0,0.00399994850159,0.0510001182556,0.0550000667572
220500,99.9857142857,0.00300002098083,0.0440001487732,0.047000169754
221000,99.9714285714,0.00300002098083,0.0449998378754,0.0479998588562
221500,99.9857142857,0.00399994850159,0.0420000553131,0.0460000038147
222000,100.0,0.00399994850159,0.0369999408722,0.0409998893738
222500,100.0,0.00299978256226,0.0390000343323,0.0419998168945
223000,100.0,0.00400018692017,0.0419998168945,0.0460000038147
223500,100.0,0.00300002098083,0.0420000553131,0.0450000762939
224000,100.0,0.00399994850159,0.0420000553131,0.0460000038147
224500,100.0,0.00300002098083,0.0429999828339,0.0460000038147
225000,100.0,0.00499987602234,0.0450000762939,0.0499999523163
225500,99.9857142857,0.00300002098083,0.039999961853,0.0429999828339
226000,99.9714285714,0.00300002098083,0.0390000343323,0.0420000553131
226500,100.0,0.00300002098083,0.0479998588562,0.050999879837
227000,99.9857142857,0.00300002098083,0.0380001068115,0.0410001277924
227500,100.0,0.00399994850159,0.0450000762939,0.0490000247955
228000,100.0,0.00300002098083,0.0409998893738,0.0439999103546
228500,99.9571428571,0.00300002098083,0.0420000553131,0.0450000762939
229000,100.0,0.00399994850159,0.0380001068115,0.0420000553131
229500,100.0,0.00400018692017,0.0429999828339,0.047000169754
230000,100.0,0.00399994850159,0.0390000343323,0.0429999828339
230500,100.0,0.00300002098083,0.0390000343323,0.0420000553131
231000,100.0,0.00299978256226,0.0440001487732,0.0469999313354
231500,100.0,0.00300002098083,0.047000169754,0.0500001907349
232000,100.0,0.00299978256226,0.0380001068115,0.0409998893738
232500,100.0,0.00300002098083,0.0410001277924,0.0440001487732
233000,100.0,0.00300002098083,0.0479998588562,0.050999879837
233500,100.0,0.00400018692017,0.0390000343323,0.0430002212524
234000,99.9857142857,0.00300002098083,0.0429999828339,0.0460000038147
234500,99.9857142857,0.00300002098083,0.047000169754,0.0500001907349
235000,100.0,0.00300002098083,0.0429999828339,0.0460000038147
235500,100.0,0.00399994850159,0.0420000553131,0.0460000038147
236000,100.0,0.00300002098083,0.047000169754,0.0500001907349
236500,100.0,0.00300002098083,0.0379998683929,0.0409998893738
237000,99.9857142857,0.00399994850159,0.0429999828339,0.0469999313354
237500,100.0,0.00399994850159,0.0409998893738,0.0449998378754
238000,99.9857142857,0.00400018692017,0.039999961853,0.0440001487732
238500,100.0,0.00300002098083,0.0419998168945,0.0449998378754
239000,100.0,0.00300002098083,0.0420000553131,0.0450000762939
239500,100.0,0.00500011444092,0.0429999828339,0.0480000972748
240000,100.0,0.00300002098083,0.039999961853,0.0429999828339
240500,100.0,0.00399994850159,0.0529999732971,0.0569999217987
241000,100.0,0.00400018692017,0.0419998168945,0.0460000038147
241500,100.0,0.00300002098083,0.0410001277924,0.0440001487732
242000,100.0,0.00399994850159,0.0390000343323,0.0429999828339
242500,100.0,0.00300002098083,0.0460000038147,0.0490000247955
243000,99.9857142857,0.00399994850159,0.0420000553131,0.0460000038147
243500,99.9571428571,0.00299978256226,0.0380001068115,0.0409998893738
244000,100.0,0.00399994850159,0.0400002002716,0.0440001487732
244500,100.0,0.00399994850159,0.0469999313354,0.050999879837
245000,99.9857142857,0.00400018692017,0.0409998893738,0.0450000762939
245500,100.0,0.00299978256226,0.0450000762939,0.0479998588562
246000,99.9857142857,0.00300002098083,0.0410001277924,0.0440001487732
246500,100.0,0.00300002098083,0.0420000553131,0.0450000762939
247000,100.0,0.00399994850159,0.0410001277924,0.0450000762939
247500,99.9857142857,0.00300002098083,0.0409998893738,0.0439999103546
248000,100.0,0.00400018692017,0.0379998683929,0.0420000553131
248500,100.0,0.00399994850159,0.0390000343323,0.0429999828339
249000,100.0,0.00399994850159,0.0390000343323,0.0429999828339
249500,100.0,0.00300002098083,0.0420000553131,0.0450000762939
250000,100.0,0.00300002098083,0.039999961853,0.0429999828339
